# Scenario file generated from paper_dataset_structure_and_scenarios.xlsx
# scenario_id = SC010
# instance_id = S08_A
# notes = Tighter fleet
# demand_multiplier = 1
# Node mapping (compact_id -> original_id : locker_name)
# 0 -> 0 : Depot
# 1 -> 1 : Paseo Shopping
# 2 -> 2 : Taurus Gym Samanes
# 3 -> 3 : Mall del Sol
# 4 -> 5 : El Dorado Shopping Center
# 5 -> 8 : Riocentro Sur
# 6 -> 10 : De Prati Centro
# 7 -> 12 : Primax Samborondón
# 8 -> 15 : Aki San Eduardo

V = [0, 1, 2, 3, 4, 5, 6, 7, 8]
K = [1, 2, 3, 4, 5, 6, 7, 8]
T = [0, 1]
C = 1
Q = 100
H = 30
g = [
    [0, 0],
    [6, 0],
    [8, 0],
    [5, 0],
    [7, 0],
    [6, 0],
    [5, 0],
    [4, 0],
    [5, 0]
]
p_day_0 = [
    [0, 0, 0, 0, 0, 0, 0, 0, 0],
    [0, 0, 1, 1, 1, 2, 3, 1, 0],
    [0, 0, 0, 3, 3, 3, 0, 0, 2],
    [0, 0, 0, 0, 2, 2, 1, 0, 0],
    [0, 0, 1, 1, 0, 0, 3, 0, 0],
    [0, 2, 1, 0, 2, 0, 0, 0, 2],
    [0, 2, 3, 0, 2, 1, 0, 1, 0],
    [0, 2, 2, 0, 1, 0, 0, 0, 0],
    [0, 2, 2, 0, 0, 2, 1, 2, 0]
]
p_day_1 = [
    [0, 0, 0, 0, 0, 0, 0, 0, 0],
    [0, 0, 1, 1, 1, 2, 3, 1, 0],
    [0, 0, 0, 3, 2, 3, 0, 0, 2],
    [0, 0, 0, 0, 2, 2, 1, 0, 0],
    [0, 0, 1, 1, 0, 0, 3, 0, 0],
    [0, 2, 1, 0, 2, 0, 0, 0, 2],
    [0, 2, 3, 0, 2, 1, 0, 1, 0],
    [0, 2, 2, 0, 1, 0, 0, 0, 0],
    [0, 2, 2, 0, 0, 2, 1, 2, 0]
]
d = [
    [0, 12, 16, 12, 22, 12, 4, 14, 9],
    [12, 0, 5, 5, 12, 23, 14, 11, 17],
    [16, 5, 0, 7, 8, 26, 17, 11, 21],
    [12, 5, 7, 0, 12, 22, 12, 8, 17],
    [22, 12, 8, 12, 0, 32, 23, 14, 27],
    [12, 23, 26, 22, 32, 0, 11, 23, 12],
    [4, 14, 17, 12, 23, 11, 0, 14, 10],
    [14, 11, 11, 8, 14, 23, 14, 0, 22],
    [9, 17, 21, 17, 27, 12, 10, 22, 0]
]
