# Scenario file generated from paper_dataset_structure_and_scenarios.xlsx
# scenario_id = SC015
# instance_id = S10_A
# notes = Baseline sensitivity on demand intensity
# demand_multiplier = 1.2
# Node mapping (compact_id -> original_id : locker_name)
# 0 -> 0 : Depot
# 1 -> 1 : Paseo Shopping
# 2 -> 2 : Taurus Gym Samanes
# 3 -> 3 : Mall del Sol
# 4 -> 4 : Mucho Lote Supermarket
# 5 -> 5 : El Dorado Shopping Center
# 6 -> 8 : Riocentro Sur
# 7 -> 10 : De Prati Centro
# 8 -> 12 : Primax Samborondón
# 9 -> 14 : Terpel Chongón
# 10 -> 15 : Aki San Eduardo

V = [0, 1, 2, 3, 4, 5, 6, 7, 8, 9, 10]
K = [1, 2, 3, 4, 5, 6, 7, 8, 9, 10]
T = [0, 1]
C = 2
Q = 100
H = 30
g = [
    [0, 0],
    [7.2, 0],
    [9.6, 0],
    [6, 0],
    [4.8, 0],
    [8.4, 0],
    [7.2, 0],
    [6, 0],
    [4.8, 0],
    [2.4, 0],
    [6, 0]
]
p_day_0 = [
    [0, 0, 0, 0, 0, 0, 0, 0, 0, 0, 0],
    [0, 0, 1.2, 1.2, 1.2, 1.2, 2.4, 3.6, 1.2, 0, 0],
    [0, 0, 0, 3.6, 1.2, 3.6, 3.6, 0, 0, 0, 2.4],
    [0, 0, 0, 0, 2.4, 2.4, 2.4, 1.2, 0, 0, 0],
    [0, 2.4, 1.2, 1.2, 0, 2.4, 3.6, 1.2, 2.4, 1.2, 1.2],
    [0, 0, 1.2, 1.2, 2.4, 0, 0, 3.6, 0, 0, 0],
    [0, 2.4, 1.2, 0, 0, 2.4, 0, 0, 0, 1.2, 2.4],
    [0, 2.4, 3.6, 0, 1.2, 2.4, 1.2, 0, 1.2, 1.2, 0],
    [0, 2.4, 2.4, 0, 1.2, 1.2, 0, 0, 0, 1.2, 0],
    [0, 1.2, 2.4, 1.2, 2.4, 1.2, 0, 1.2, 1.2, 0, 3.6],
    [0, 2.4, 2.4, 0, 0, 0, 2.4, 1.2, 2.4, 1.2, 0]
]
p_day_1 = [
    [0, 0, 0, 0, 0, 0, 0, 0, 0, 0, 0],
    [0, 0, 1.2, 1.2, 1.2, 1.2, 2.4, 3.6, 1.2, 0, 0],
    [0, 0, 0, 3.6, 1.2, 2.4, 3.6, 0, 0, 0, 2.4],
    [0, 0, 0, 0, 2.4, 2.4, 2.4, 1.2, 0, 0, 0],
    [0, 2.4, 1.2, 1.2, 0, 2.4, 3.6, 1.2, 2.4, 1.2, 1.2],
    [0, 0, 1.2, 1.2, 2.4, 0, 0, 3.6, 0, 0, 0],
    [0, 2.4, 1.2, 0, 0, 2.4, 0, 0, 0, 1.2, 2.4],
    [0, 2.4, 3.6, 0, 1.2, 2.4, 1.2, 0, 1.2, 1.2, 0],
    [0, 2.4, 2.4, 0, 1.2, 1.2, 0, 0, 0, 1.2, 0],
    [0, 1.2, 2.4, 1.2, 2.4, 1.2, 0, 1.2, 1.2, 0, 3.6],
    [0, 2.4, 2.4, 0, 0, 0, 2.4, 1.2, 2.4, 1.2, 0]
]
d = [
    [0, 12, 16, 12, 16, 22, 12, 4, 14, 22, 9],
    [12, 0, 5, 5, 6, 12, 23, 14, 11, 25, 17],
    [16, 5, 0, 7, 6, 8, 26, 17, 11, 28, 21],
    [12, 5, 7, 0, 9, 12, 22, 12, 8, 27, 17],
    [16, 6, 6, 9, 0, 10, 26, 17, 14, 25, 19],
    [22, 12, 8, 12, 10, 0, 32, 23, 14, 33, 27],
    [12, 23, 26, 22, 26, 32, 0, 11, 23, 23, 12],
    [4, 14, 17, 12, 17, 23, 11, 0, 14, 23, 10],
    [14, 11, 11, 8, 14, 14, 23, 14, 0, 32, 22],
    [22, 25, 28, 27, 25, 33, 23, 23, 32, 0, 15],
    [9, 17, 21, 17, 19, 27, 12, 10, 22, 15, 0]
]
