# Scenario file generated from paper_dataset_structure_and_scenarios.xlsx
# scenario_id = SC019
# instance_id = S12_A
# notes = Baseline sensitivity on demand intensity
# demand_multiplier = 0.8
# Node mapping (compact_id -> original_id : locker_name)
# 0 -> 0 : Depot
# 1 -> 1 : Paseo Shopping
# 2 -> 2 : Taurus Gym Samanes
# 3 -> 3 : Mall del Sol
# 4 -> 4 : Mucho Lote Supermarket
# 5 -> 5 : El Dorado Shopping Center
# 6 -> 6 : Supermaxi La Joya
# 7 -> 8 : Riocentro Sur
# 8 -> 10 : De Prati Centro
# 9 -> 11 : Petroecuador Gas Station
# 10 -> 12 : Primax Samborondón
# 11 -> 14 : Terpel Chongón
# 12 -> 15 : Aki San Eduardo

V = [0, 1, 2, 3, 4, 5, 6, 7, 8, 9, 10, 11, 12]
K = [1, 2, 3, 4, 5, 6, 7, 8, 9, 10, 11, 12]
T = [0, 1]
C = 3
Q = 100
H = 30
g = [
    [0, 0],
    [4.8, 0],
    [6.4, 0],
    [4, 0],
    [3.2, 0],
    [5.6, 0],
    [2.4, 0],
    [4.8, 0],
    [4, 0],
    [2.4, 0],
    [3.2, 0],
    [1.6, 0],
    [4, 0]
]
p_day_0 = [
    [0, 0, 0, 0, 0, 0, 0, 0, 0, 0, 0, 0, 0],
    [0, 0, 0.8, 0.8, 0.8, 0.8, 0.8, 1.6, 2.4, 0, 0.8, 0, 0],
    [0, 0, 0, 2.4, 0.8, 2.4, 0, 2.4, 0, 1.6, 0, 0, 1.6],
    [0, 0, 0, 0, 1.6, 1.6, 0.8, 1.6, 0.8, 1.6, 0, 0, 0],
    [0, 1.6, 0.8, 0.8, 0, 1.6, 1.6, 2.4, 0.8, 0.8, 1.6, 0.8, 0.8],
    [0, 0, 0.8, 0.8, 1.6, 0, 0.8, 0, 2.4, 1.6, 0, 0, 0],
    [0, 0, 1.6, 2.4, 0, 1.6, 0, 0, 0, 1.6, 0.8, 0.8, 1.6],
    [0, 1.6, 0.8, 0, 0, 1.6, 1.6, 0, 0, 0, 0, 0.8, 1.6],
    [0, 1.6, 2.4, 0, 0.8, 1.6, 0.8, 0.8, 0, 0, 0.8, 0.8, 0],
    [0, 2.4, 0.8, 0, 0, 0.8, 0, 1.6, 1.6, 0, 0, 0, 0.8],
    [0, 1.6, 1.6, 0, 0.8, 0.8, 0.8, 0, 0, 0, 0, 0.8, 0],
    [0, 0.8, 1.6, 0.8, 1.6, 0.8, 0, 0, 0.8, 1.6, 0.8, 0, 2.4],
    [0, 1.6, 1.6, 0, 0, 0, 0, 1.6, 0.8, 0.8, 1.6, 0.8, 0]
]
p_day_1 = [
    [0, 0, 0, 0, 0, 0, 0, 0, 0, 0, 0, 0, 0],
    [0, 0, 0.8, 0.8, 0.8, 0.8, 0.8, 1.6, 2.4, 0, 0.8, 0, 0],
    [0, 0, 0, 2.4, 0.8, 1.6, 0, 2.4, 0, 1.6, 0, 0, 1.6],
    [0, 0, 0, 0, 1.6, 1.6, 0.8, 1.6, 0.8, 1.6, 0, 0, 0],
    [0, 1.6, 0.8, 0.8, 0, 1.6, 1.6, 2.4, 0.8, 0.8, 1.6, 0.8, 0.8],
    [0, 0, 0.8, 0.8, 1.6, 0, 0.8, 0, 2.4, 1.6, 0, 0, 0],
    [0, 0, 1.6, 2.4, 0, 1.6, 0, 0, 0, 1.6, 0.8, 0.8, 1.6],
    [0, 1.6, 0.8, 0, 0, 1.6, 1.6, 0, 0, 0, 0, 0.8, 1.6],
    [0, 1.6, 2.4, 0, 0.8, 1.6, 0.8, 0.8, 0, 0, 0.8, 0.8, 0],
    [0, 1.6, 0.8, 0, 0, 0.8, 0, 1.6, 1.6, 0, 0, 0, 0.8],
    [0, 1.6, 1.6, 0, 0.8, 0.8, 0.8, 0, 0, 0, 0, 0.8, 0],
    [0, 0.8, 1.6, 0.8, 1.6, 0.8, 0, 0, 0.8, 1.6, 0.8, 0, 2.4],
    [0, 1.6, 1.6, 0, 0, 0, 0, 1.6, 0.8, 0.8, 1.6, 0.8, 0]
]
d = [
    [0, 12, 16, 12, 16, 22, 24, 12, 4, 4, 14, 22, 9],
    [12, 0, 5, 5, 6, 12, 14, 23, 14, 10, 11, 25, 17],
    [16, 5, 0, 7, 6, 8, 11, 26, 17, 14, 11, 28, 21],
    [12, 5, 7, 0, 9, 12, 15, 22, 12, 9, 8, 27, 17],
    [16, 6, 6, 9, 0, 10, 13, 26, 17, 14, 14, 25, 19],
    [22, 12, 8, 12, 10, 0, 5, 32, 23, 20, 14, 33, 27],
    [24, 14, 11, 15, 13, 5, 0, 35, 25, 22, 16, 36, 29],
    [12, 23, 26, 22, 26, 32, 35, 0, 11, 15, 23, 23, 12],
    [4, 14, 17, 12, 17, 23, 25, 11, 0, 5, 14, 23, 10],
    [4, 10, 14, 9, 14, 20, 22, 15, 5, 0, 12, 23, 11],
    [14, 11, 11, 8, 14, 14, 16, 23, 14, 12, 0, 32, 22],
    [22, 25, 28, 27, 25, 33, 36, 23, 23, 23, 32, 0, 15],
    [9, 17, 21, 17, 19, 27, 29, 12, 10, 11, 22, 15, 0]
]
