# Scenario file generated from paper_dataset_structure_and_scenarios.xlsx
# scenario_id = SC027
# instance_id = S15_A
# notes = Baseline sensitivity on demand intensity
# demand_multiplier = 1.2
# Node mapping (compact_id -> original_id : locker_name)
# 0 -> 0 : Depot
# 1 -> 1 : Paseo Shopping
# 2 -> 2 : Taurus Gym Samanes
# 3 -> 3 : Mall del Sol
# 4 -> 4 : Mucho Lote Supermarket
# 5 -> 5 : El Dorado Shopping Center
# 6 -> 6 : Supermaxi La Joya
# 7 -> 7 : Plaza Batán
# 8 -> 8 : Riocentro Sur
# 9 -> 9 : De Prati Sur
# 10 -> 10 : De Prati Centro
# 11 -> 11 : Petroecuador Gas Station
# 12 -> 12 : Primax Samborondón
# 13 -> 13 : Primax Puerto Azul
# 14 -> 14 : Terpel Chongón
# 15 -> 15 : Aki San Eduardo

V = [0, 1, 2, 3, 4, 5, 6, 7, 8, 9, 10, 11, 12, 13, 14, 15]
K = [1, 2, 3, 4, 5, 6, 7, 8, 9, 10, 11, 12, 13, 14, 15]
T = [0, 1]
C = 5
Q = 125
H = 30
g = [
    [0, 0],
    [7.2, 0],
    [9.6, 0],
    [6, 0],
    [4.8, 0],
    [8.4, 0],
    [3.6, 0],
    [6, 0],
    [7.2, 0],
    [4.8, 0],
    [6, 0],
    [3.6, 0],
    [4.8, 0],
    [7.2, 0],
    [2.4, 0],
    [6, 0]
]
p_day_0 = [
    [0, 0, 0, 0, 0, 0, 0, 0, 0, 0, 0, 0, 0, 0, 0, 0],
    [0, 0, 1.2, 1.2, 1.2, 1.2, 1.2, 0, 2.4, 1.2, 3.6, 0, 1.2, 3.6, 0, 0],
    [0, 0, 0, 3.6, 1.2, 3.6, 0, 0, 3.6, 2.4, 0, 2.4, 0, 2.4, 0, 2.4],
    [0, 0, 0, 0, 2.4, 2.4, 1.2, 1.2, 2.4, 0, 1.2, 2.4, 0, 1.2, 0, 0],
    [0, 2.4, 1.2, 1.2, 0, 2.4, 2.4, 2.4, 3.6, 2.4, 1.2, 1.2, 2.4, 1.2, 1.2, 1.2],
    [0, 0, 1.2, 1.2, 2.4, 0, 1.2, 2.4, 0, 2.4, 3.6, 2.4, 0, 0, 0, 0],
    [0, 0, 2.4, 3.6, 0, 2.4, 0, 1.2, 0, 2.4, 0, 2.4, 1.2, 1.2, 1.2, 2.4],
    [0, 2.4, 1.2, 2.4, 1.2, 1.2, 0, 0, 0, 2.4, 0, 3.6, 2.4, 1.2, 2.4, 0],
    [0, 2.4, 1.2, 0, 0, 2.4, 2.4, 2.4, 0, 2.4, 0, 0, 0, 2.4, 1.2, 2.4],
    [0, 2.4, 1.2, 0, 1.2, 0, 0, 0, 0, 0, 2.4, 1.2, 2.4, 1.2, 0, 2.4],
    [0, 2.4, 3.6, 0, 1.2, 2.4, 1.2, 2.4, 1.2, 2.4, 0, 0, 1.2, 3.6, 1.2, 0],
    [0, 3.6, 1.2, 0, 0, 1.2, 0, 1.2, 2.4, 1.2, 2.4, 0, 0, 2.4, 0, 1.2],
    [0, 2.4, 2.4, 0, 1.2, 1.2, 1.2, 1.2, 0, 2.4, 0, 0, 0, 1.2, 1.2, 0],
    [0, 3.6, 2.4, 2.4, 0, 3.6, 0, 1.2, 1.2, 3.6, 0, 2.4, 0, 0, 1.2, 2.4],
    [0, 1.2, 2.4, 1.2, 2.4, 1.2, 0, 3.6, 0, 2.4, 1.2, 2.4, 1.2, 0, 0, 3.6],
    [0, 2.4, 2.4, 0, 0, 0, 0, 0, 2.4, 2.4, 1.2, 1.2, 2.4, 2.4, 1.2, 0]
]
p_day_1 = [
    [0, 0, 0, 0, 0, 0, 0, 0, 0, 0, 0, 0, 0, 0, 0, 0],
    [0, 0, 1.2, 1.2, 1.2, 1.2, 1.2, 0, 2.4, 1.2, 3.6, 0, 1.2, 3.6, 0, 0],
    [0, 0, 0, 3.6, 1.2, 2.4, 0, 0, 3.6, 1.2, 0, 2.4, 0, 2.4, 0, 2.4],
    [0, 0, 0, 0, 2.4, 2.4, 1.2, 1.2, 2.4, 0, 1.2, 2.4, 0, 1.2, 0, 0],
    [0, 2.4, 1.2, 1.2, 0, 2.4, 2.4, 2.4, 3.6, 1.2, 1.2, 1.2, 2.4, 1.2, 1.2, 1.2],
    [0, 0, 1.2, 1.2, 2.4, 0, 1.2, 2.4, 0, 2.4, 3.6, 2.4, 0, 0, 0, 0],
    [0, 0, 2.4, 3.6, 0, 2.4, 0, 1.2, 0, 1.2, 0, 2.4, 1.2, 1.2, 1.2, 2.4],
    [0, 2.4, 1.2, 2.4, 1.2, 1.2, 0, 0, 0, 2.4, 0, 3.6, 2.4, 1.2, 2.4, 0],
    [0, 2.4, 1.2, 0, 0, 2.4, 2.4, 2.4, 0, 1.2, 0, 0, 0, 2.4, 1.2, 2.4],
    [0, 2.4, 1.2, 0, 1.2, 0, 0, 0, 0, 0, 2.4, 1.2, 2.4, 1.2, 0, 2.4],
    [0, 2.4, 3.6, 0, 1.2, 2.4, 1.2, 2.4, 1.2, 1.2, 0, 0, 1.2, 3.6, 1.2, 0],
    [0, 2.4, 1.2, 0, 0, 1.2, 0, 1.2, 2.4, 1.2, 2.4, 0, 0, 2.4, 0, 1.2],
    [0, 2.4, 2.4, 0, 1.2, 1.2, 1.2, 1.2, 0, 2.4, 0, 0, 0, 1.2, 1.2, 0],
    [0, 3.6, 2.4, 2.4, 0, 3.6, 0, 1.2, 1.2, 3.6, 0, 2.4, 0, 0, 1.2, 2.4],
    [0, 1.2, 2.4, 1.2, 2.4, 1.2, 0, 3.6, 0, 2.4, 1.2, 2.4, 1.2, 0, 0, 3.6],
    [0, 2.4, 2.4, 0, 0, 0, 0, 0, 2.4, 2.4, 1.2, 1.2, 2.4, 2.4, 1.2, 0]
]
d = [
    [0, 12, 16, 12, 16, 22, 24, 6, 12, 13, 4, 4, 14, 12, 22, 9],
    [12, 0, 5, 5, 6, 12, 14, 11, 23, 23, 14, 10, 11, 19, 25, 17],
    [16, 5, 0, 7, 6, 8, 11, 14, 26, 27, 17, 14, 11, 22, 28, 21],
    [12, 5, 7, 0, 9, 12, 15, 11, 22, 22, 12, 9, 8, 19, 27, 17],
    [16, 6, 6, 9, 0, 10, 13, 13, 26, 27, 17, 14, 14, 20, 25, 19],
    [22, 12, 8, 12, 10, 0, 5, 20, 32, 32, 23, 20, 14, 28, 33, 27],
    [24, 14, 11, 15, 13, 5, 0, 23, 35, 35, 25, 22, 16, 31, 36, 29],
    [6, 11, 14, 11, 13, 20, 23, 0, 15, 16, 8, 6, 15, 11, 19, 9],
    [12, 23, 26, 22, 26, 32, 35, 15, 0, 4, 11, 15, 23, 14, 23, 12],
    [13, 23, 27, 22, 27, 32, 35, 16, 4, 0, 12, 15, 23, 15, 25, 13],
    [4, 14, 17, 12, 17, 23, 25, 8, 11, 12, 0, 5, 14, 13, 23, 10],
    [4, 10, 14, 9, 14, 20, 22, 6, 15, 15, 5, 0, 12, 14, 23, 11],
    [14, 11, 11, 8, 14, 14, 16, 15, 23, 23, 14, 12, 0, 24, 32, 22],
    [12, 19, 22, 19, 20, 28, 31, 11, 14, 15, 13, 14, 24, 0, 12, 5],
    [22, 25, 28, 27, 25, 33, 36, 19, 23, 25, 23, 23, 32, 12, 0, 15],
    [9, 17, 21, 17, 19, 27, 29, 9, 12, 13, 10, 11, 22, 5, 15, 0]
]
